1.9702152772545813
1.7748775181174279
1.689104279100895
1.6112068967223168
1.5556922266483306
1.5081312609612942
1.474510191231966
1.4335013896524906
1.399640302568674
1.3666329679489135
1.344463954180479
1.3165645557641983
1.294436625033617
1.2803909344077111
1.2625973378419877
1.2473344103097916
1.224254420429468
1.209427273273468
1.201134152919054
1.1957175829708577
1.1748920611441136
1.1684444483220577
1.1574309657514095
1.1521103404164315
1.1382159705758095
1.1268349386155605
1.1189248458296062
1.1075553355515004
1.1081404547989369
1.0968221628963948
1.088871714130044
1.0808734111487865
1.0793870047330856
1.0750518431067466
1.069831819921732
1.061678402841091
1.0616290049254895
1.0506593536287545
1.0407223228961229
1.0448248081505298
1.0394768705368043
1.0301978123635054
1.0277142527848482
1.023956820577383
1.0226395278722047
1.0186268630623818
1.0192512334138155
1.0108095341473817
1.0067253605425357
1.0117322760075331
1.006093636751175
0.9945207797884941
0.9940482680499554
0.9956252574324608
0.9937361592948437
0.9800527985095978
0.98511863745749
0.9901369571089744
0.9871185608655214
0.9745487490147352
