296.8108479976654
236.44045233726501
296.3145024776459
235.2502338886261
285.5953187942505
252.73163628578186
294.9508135318756
235.8812358379364
284.6990120410919
244.6355276107788
313.2014684677124
241.06040263175964
265.14312767982483
187.01205468177795
221.52444767951965
177.195960521698
220.31841111183167
176.742742061615
228.05124974250793
187.46539497375488
169.18745279312134
123.04189372062683
153.86125540733337
126.8909044265747
155.06996536254883
126.55891132354736
150.49991536140442
125.2544515132904
163.42423033714294
131.33054566383362
160.0838384628296
123.68860697746277
158.90404868125916
127.05047297477722
157.40005111694336
128.61831092834473
156.52185249328613
125.74660563468933
153.2376251220703
128.05873370170593
162.5541820526123
128.3135941028595
158.2670660018921
123.63709115982056
155.34515166282654
123.10198068618774
153.17568564414978
127.14278864860535
153.916157245636
131.80543422698975
155.61355900764465
127.1505994796753
133.73077988624573
112.18892621994019
135.31964659690857
111.38379383087158
135.55571174621582
111.59184956550598
134.97063970565796
107.09691405296326
