1.481999900907278
1.0384134564250707
0.8591652249693871
0.7542442704588175
0.6742205920740962
0.6164444240704179
0.5710511226523668
0.5362555534988642
0.5019358368739486
0.4686568049024791
0.4459595099780709
0.421353782678023
0.4007635437771678
0.38414633622579275
0.3671612215274945
0.3525754353608936
0.33406437368132175
0.3223505440838635
0.30558883818564936
0.29333412946760656
0.2798794550145976
0.27071302995318547
0.253357044152217
0.2446902809198946
0.23383568307710811
0.22121509789233096
0.20895947769004852
0.2053770465257112
0.19460171538242138
0.1792441510083154
0.17538006309838966
0.16638635483686812
0.15870397619903087
0.15120333044079598
0.14915254615002776
0.13928074240888236
0.134014801532845
0.13062987727212022
0.12244884928088869
0.11647901263606036
0.11405180069274502
0.1072948466858361
0.10009577455426916
0.09684411704193917
0.09158559832422179
0.09003223042938044
0.08749599600184592
0.08162302036982874
0.0796699981433776
0.07315294110376272
0.07235303705520346
0.06724744345802174
0.062006278357381234
0.06262469880563003
0.05961077290598769
0.05501440520777396
0.05418445472628082
0.05227492833089491
0.05210243426491797
0.0482616619651526
