225.58791542053223
220.26183581352234
258.55917620658875
215.29219269752502
241.0246512889862
220.3032524585724
258.3243451118469
220.1241238117218
255.09416723251343
215.5539104938507
257.3231258392334
214.68964076042175
256.437625169754
213.0542106628418
262.2734043598175
266.1470446586609
341.7977542877197
280.5551679134369
349.755099773407
280.8577618598938
341.26201725006104
281.7056255340576
346.3075096607208
282.02674412727356
333.1735827922821
280.1301414966583
332.22989416122437
276.045152425766
329.74703669548035
271.20871138572693
333.5795588493347
277.9349775314331
333.15220642089844
274.56397557258606
328.98240900039673
274.2164103984833
339.94090461730957
280.0549168586731
331.21166491508484
273.9779899120331
340.5712912082672
277.86822152137756
333.33604073524475
271.4212851524353
336.70566868782043
279.849089384079
337.3808546066284
275.7631154060364
334.16192746162415
273.09700107574463
324.41710233688354
269.86290860176086
334.8778142929077
273.052649974823
337.31506514549255
267.52576327323914
334.34431409835815
282.5857298374176
333.4015142917633
276.25093150138855
