1.241101460441947
0.7763606834337116
0.5864900853894651
0.4499757745489478
0.3393318354897201
0.24526712998654693
0.17205414009676315
0.13642789373162667
0.1067196450716583
0.09420832019340014
0.08046096182605834
0.07115255374123808
0.06596529378213745
0.05837770424064365
0.05083802500549064
0.04843170845782879
0.04581672636780422
0.04270096549436494
0.041828145339983164
0.03845422367409628
0.03312189397745897
0.026563534278171572
0.031161142085045865
0.02538426384973991
0.022916370729702068
0.021390948829672653
0.019177607379397613
0.01575226305525621
0.015153978426140838
0.01445971479158743
0.014875384894260605
0.01055313621847364
0.009515848975357358
0.01266329065469995
0.010350755466953614
0.006839431701993249
0.007241737254625263
0.005016963967305116
0.005157100562090534
0.00641487394070046
0.003483334303195704
0.005180189572708343
0.0031990776240570823
0.003131316679028828
0.0035485543131185578
0.0014039072014580718
0.0017291007404065652
0.001010666420177799
0.0011856534623884798
0.0013427665023546052
0.0005032531590515319
0.0009132812392892902
0.0006699266658137333
0.0006220131568254637
0.00022010680207133504
0.0002787793688408797
0.00011480661205356224
0.00014470621087960822
0.0001231454362321003
8.677589536191555e-05
