63.532939195632935
54.83678317070007
59.669915199279785
55.28578233718872
60.94604158401489
55.04602575302124
61.33996891975403
53.76703929901123
60.11084342002869
60.04520654678345
61.003459215164185
55.563172817230225
61.77958416938782
56.744829416275024
58.78781175613403
56.00315284729004
58.57061147689819
56.56785225868225
59.52008295059204
55.39126634597778
65.06206274032593
56.97598600387573
62.23559546470642
56.10591793060303
61.60470271110535
55.64297366142273
61.666056632995605
55.76892805099487
64.04742550849915
54.60909390449524
61.12771463394165
58.282315254211426
64.39808368682861
54.6057608127594
63.170164585113525
52.2125461101532
62.273181438446045
55.421854734420776
59.407575845718384
57.492722034454346
61.34205365180969
56.76395797729492
60.22419881820679
57.92249608039856
59.40012216567993
52.75197887420654
61.224594593048096
60.00948739051819
60.79740571975708
56.623167991638184
62.364532470703125
57.06997013092041
63.805790424346924
54.2357234954834
60.64424180984497
57.631489753723145
61.74992656707764
53.12102293968201
61.35820436477661
53.09387755393982
