1.7309377561807633
1.2287691032141448
1.0032506427317858
0.8705372775420547
0.7765966916903854
0.7040012059658766
0.6454250830113888
0.5924560753032565
0.5527939589060843
0.5217411431111395
0.49204867988452317
0.4656901571024209
0.4418793637305498
0.4198690932821482
0.3990697485078126
0.3810053625255823
0.3654615881871432
0.34861562704574317
0.3366856613308191
0.32257394488248975
0.3126992390123196
0.2884091677358374
0.27684809628967194
0.26891683162469415
0.24732855461677536
0.2381150289475918
0.22754310323274696
0.21262611634097994
0.20600727094593457
0.19472575107519516
0.18188142741890626
0.1790785941312788
0.1684558638811577
0.16426007878087695
0.15347988531505688
0.15005496519710868
0.13877404839580412
0.13153696553467306
0.12833117081871023
0.12415923601953546
0.11362532969331368
0.10853052650179598
0.10418210020939296
0.09643450862274039
0.08978908756905002
0.09131743185173036
0.08464086352591403
0.0809644830651814
0.0763205340044733
0.07312166096863439
0.06924730986281065
0.06422110942624204
0.05978201045001333
0.06056817852651875
0.0537590385093572
0.05203394041222054
0.049535978126896224
0.04671373561115979
0.04697534564663511
0.041750775162043285
