336.3071620464325
283.2847924232483
321.4433927536011
283.78893303871155
348.5789096355438
294.77888917922974
325.6464943885803
277.16126465797424
326.23991656303406
278.52073073387146
344.4171578884125
389.7665283679962
446.6432218551636
377.2592074871063
444.665976524353
375.33064317703247
452.2948639392853
379.20932602882385
451.25289130210876
378.0822584629059
463.79582381248474
389.5731406211853
453.3202979564667
379.38890504837036
450.87711453437805
383.4615123271942
451.241085767746
379.05743288993835
448.48239254951477
374.9415714740753
458.77770376205444
380.1115334033966
465.32975697517395
374.45967388153076
461.26035952568054
380.79278087615967
454.98251724243164
385.106299161911
456.7639391422272
386.46353816986084
451.41039180755615
376.57554292678833
444.04204654693604
380.60803270339966
354.05328464508057
306.54971575737
363.5019748210907
304.9158926010132
366.6978521347046
301.0746765136719
366.09305334091187
323.0327453613281
450.69761419296265
372.54452991485596
452.49025988578796
364.9727499485016
446.0457122325897
375.10812425613403
433.01201725006104
373.779580116272
