1.5815530966818332
1.1206685537397862
0.9093914517313242
0.7850752591788769
0.701739337272942
0.6390443996116519
0.5876013050340116
0.5439342889487744
0.5053342713303864
0.4789782973229885
0.45154179925099014
0.4228118628393859
0.40443793172203
0.3845143002420664
0.37207725366204975
0.34910340690705927
0.33728539911657573
0.3183358033793047
0.30520826324867084
0.29179728182498366
0.27799871831480416
0.2700828581159003
0.2526953227268532
0.23982017430639826
0.2296964758237591
0.21678132321313023
0.21148331605852583
0.19926202437572646
0.18366986110433936
0.18111892418656497
0.16702481552725656
0.16502122018183582
0.15555237510392908
0.14890446320769843
0.1424169715976459
0.13030227947141976
0.1264822457575938
0.1184481670873356
0.11216993594620726
0.11420220048603369
0.10551046844245866
0.09999527040234533
0.09144153498808737
0.09451174973146408
0.09054949865967502
0.07858606791844068
0.07736497807381966
0.07327341522681673
0.07166903401812305
0.06823734230117406
0.06452885203737242
0.06126114931792108
0.056970978058248876
0.0538357399606557
0.05392135315194173
0.05062314093228997
0.047610986798099476
0.04533167446477091
0.044746562258198536
0.04340866219995223
