424.0696105957031
342.67942452430725
404.8917450904846
330.99273777008057
404.5587022304535
340.99664425849915
402.4480068683624
340.22960352897644
398.9297695159912
337.82834458351135
417.86767768859863
344.8532600402832
413.3578579425812
333.1908030509949
399.97942185401917
343.6066961288452
409.97707772254944
332.44066858291626
404.29273772239685
339.34802508354187
403.9133915901184
345.53572487831116
408.1308217048645
346.8601665496826
403.26535153388977
339.70923018455505
411.19887113571167
339.58324360847473
408.3355977535248
345.6668281555176
409.03172612190247
339.75792241096497
407.61161828041077
337.8478956222534
400.42628717422485
334.24237060546875
366.06505155563354
270.7400724887848
324.5769772529602
276.3272747993469
323.319810628891
274.2835428714752
318.95575523376465
276.7801456451416
320.3493673801422
314.3966474533081
408.104754447937
332.39945816993713
411.4072210788727
330.56023383140564
399.66669034957886
337.8959846496582
391.7993676662445
327.77166771888733
353.3692407608032
254.1386456489563
309.4920024871826
261.88863134384155
311.7646484375
264.5516059398651
